prices
20.5
25.5
23.5
